9
# Grid
5, 0, 4, 0, 0, 7, 0, 0, 2
0, 0, 0, 0, 0, 0, 3, 0, 0
0, 0, 0, 5, 0, 0, 0, 0, 0
0, 0, 0, 0, 0, 3, 7, 0, 0
0, 0, 0, 0, 0, 0, 0, 2, 0
0, 0, 0, 0, 0, 5, 0, 0, 0
0, 0, 0, 0, 0, 0, 0, 0, 0
0, 0, 0, 0, 0, 0, 0, 0, 0
0, 0, 0, 0, 0, 0, 0, 0, 7
# Horizontal constraints
0, 0, 0, 0, 0, 0, 0, 0
0, -1, 0, 0, 1, 0, 0, -1
0, -1, 0, 0, 0, 0, 1, 1
0, 1, 0, -1, 0, 0, 1, 0
0, 0, 0, 0, 1, 0, 0, 1
0, 0, 1, 0, 0, 0, 0, 0
0, 0, 1, 1, 0, 0, -1, 0
0, 0, 0, 0, 0, 0, 0, 0
0, 0, 0, 0, 0, 0, 0, -1
# Vertical constraints
-1, 0, 0, 0, 1, 0, 1, -1, 1
0, 0, 0, 0, 1, 0, 1, 0, 0
-1, 0, 0, -1, 0, 0, 0, 0, 1
0, 0, 0, 0, 0, 0, 0, 0, 0
0, 0, 0, 0, 0, 0, 0, 1, 1
0, -1, 0, 0, 0, 0, -1, 1, 0
1, 0, 0, 0, 0, 0, 0, 0, 0
0, 1, 0, 0, 0, -1, -1, 0, 0
